,temperature,has_children,toCoupon_GEQ5min,toCoupon_GEQ15min,toCoupon_GEQ25min,direction_same,direction_opp,Y,destination_Home,destination_No Urgent Place,destination_Work,passenger_Alone,passenger_Friend(s),passenger_Kid(s),passenger_Partner,weather_Rainy,weather_Snowy,weather_Sunny,time_10AM,time_10PM,time_2PM,time_6PM,time_7AM,coupon_Bar,coupon_Carry out & Take away,coupon_Coffee House,coupon_Restaurant(20-50),coupon_Restaurant(<20),expiration_1d,expiration_2h,gender_Female,gender_Male,age_21,age_26,age_31,age_36,age_41,age_46,age_50plus,age_below21,maritalStatus_Divorced,maritalStatus_Married partner,maritalStatus_Single,maritalStatus_Unmarried partner,maritalStatus_Widowed,education_Associates degree,education_Bachelors degree,education_Graduate degree (Masters or Doctorate),education_High School Graduate,education_Some High School,education_Some college - no degree,occupation_Architecture & Engineering,occupation_Arts Design Entertainment Sports & Media,occupation_Building & Grounds Cleaning & Maintenance,occupation_Business & Financial,occupation_Community & Social Services,occupation_Computer & Mathematical,occupation_Construction & Extraction,occupation_Education&Training&Library,occupation_Farming Fishing & Forestry,occupation_Food Preparation & Serving Related,occupation_Healthcare Practitioners & Technical,occupation_Healthcare Support,occupation_Installation Maintenance & Repair,occupation_Legal,occupation_Life Physical Social Science,occupation_Management,occupation_Office & Administrative Support,occupation_Personal Care & Service,occupation_Production Occupations,occupation_Protective Service,occupation_Retired,occupation_Sales & Related,occupation_Student,occupation_Transportation & Material Moving,occupation_Unemployed,income_$100000 or More,income_$12500 - $24999,income_$25000 - $37499,income_$37500 - $49999,income_$50000 - $62499,income_$62500 - $74999,income_$75000 - $87499,income_$87500 - $99999,income_Less than $12500,Bar_1~3,Bar_4~8,Bar_gt8,Bar_less1,Bar_never,CoffeeHouse_1~3,CoffeeHouse_4~8,CoffeeHouse_gt8,CoffeeHouse_less1,CoffeeHouse_never,CarryAway_1~3,CarryAway_4~8,CarryAway_gt8,CarryAway_less1,CarryAway_never,RestaurantLessThan20_1~3,RestaurantLessThan20_4~8,RestaurantLessThan20_gt8,RestaurantLessThan20_less1,RestaurantLessThan20_never,Restaurant20To50_1~3,Restaurant20To50_4~8,Restaurant20To50_gt8,Restaurant20To50_less1,Restaurant20To50_never
temperature,1.0,-0.02067352320329914,,-0.1558760535681823,-0.21577992288546605,0.0975388083008435,-0.09753880830084294,0.0566455192709408,-0.05519533077345394,0.13559271172450482,-0.1009241139848729,-0.10058891045216761,0.10411692958365508,0.023153714577278856,-0.00791870207617507,-0.14110807502791972,-0.6131281188572981,0.5778806022161438,0.13344779534464804,-0.175321810378335,0.042411855768086856,0.09404465826426817,-0.1009241139848729,-0.1297134503939736,-0.12609436928952128,0.16912384307671025,0.02541092946591132,0.02391410531218037,-0.12588911537909747,0.12588911537909764,0.02755699913880591,-0.027556999138805664,0.023687633030315854,0.017137204089267725,-0.02062159350831723,-0.008066227092347207,-0.0026930946035704346,0.0036213703854029466,-0.008775029998032674,-0.017326900845857793,0.01837879400021029,-0.019123150211807233,0.01257390974346296,0.0035230117120972565,-0.018393906570436706,-0.028370377615676918,-0.0026525795692227357,0.023115849821695213,0.008178662655865693,-0.010606499697864386,-0.00035538371726176005,0.016890629534903584,0.019980926796907127,-0.03890995352459744,-0.040671061844670134,0.013773520045409427,0.002705097804270305,-0.024435306492777947,0.01643051722703619,-0.02422200202740615,-0.0123184617335348,-0.007258364664304343,-0.03681097093293416,-0.02419611482315872,0.01539508711148286,0.025092891320471062,0.042291602976181376,-0.015084992614818623,-0.014518170236988226,-0.013150576861610381,0.025038541867142636,0.02861383144990051,-0.006235662789953864,0.02131255456905047,0.0018863051964589737,-0.031421691902379756,-0.009379833315173931,0.004604976681552826,0.028476317058171354,0.02055780864458429,0.008454873862541462,0.001681368106685178,-0.04374579899788281,-0.018819280658432535,-0.012504994031422906,-0.012566054422364453,0.021699079892609715,-0.012676678895070688,0.004688164321374434,-0.0024073856077730764,0.008818731777425952,-0.029256515202717815,-0.0001477279740240871,0.004002686233095522,0.010488361955515323,0.012995137069845281,0.029220519957958054,-0.024885150649216474,-0.02611371424015626,-0.023681664996924735,-0.010777180382823076,0.0016307985067411728,0.032487596281788475,-0.008269928099335942,-0.019569130824331912,0.025364347124006602,-0.0379290083451462,-1.0780333135514603e-05,-0.04119594805158128,0.04819507327114268
has_children,-0.02067352320329914,1.0,,0.07973511604046593,-0.014037739085308499,-0.03304731992420125,0.03304731992420116,-0.04833252188155696,-0.00971446284656186,0.02573297254953736,-0.019919142484321622,-0.05716306490997661,-0.04791604471294314,0.33847485529031135,-0.14830808230218026,-0.014663671531432936,0.003397412058229048,0.00801101914406659,-0.012088504812673838,0.018800413803459946,0.009846075607406335,0.00645695665969299,-0.019919142484321622,0.01687606224312414,0.01449209587023692,-0.03722545592623292,0.017893342107487793,-0.0006878722189053566,-0.018085677760740815,0.018085677760740847,0.14787500460447556,-0.1478750046044756,-0.29452207717644646,-0.17685885404645213,0.050929394250160236,0.1310070091794333,0.24946102789251387,0.06633519245548986,0.21986509779892413,-0.15487157330063614,0.21404539801023043,0.47672507763816485,-0.4525409427731721,-0.16003988024490048,0.03557675155489948,0.10245813660226455,-0.0727258294590473,0.13240830146470617,-0.10335242338728119,0.0595200405493809,-0.0425226674549077,-0.009138581296984903,-0.013076988490168275,0.011258002705992453,0.026006442319964764,-0.029609463349162382,0.08779898644607956,-0.02838113705376212,0.08717933571490596,0.07192745305500887,0.010437586453812936,0.08190288619421887,-0.06593116858026815,0.020452912226663747,-0.030871772964011984,0.017956308473456403,0.04589685991650477,-0.05816290729121735,0.10467436710008693,-0.02761923219723715,-0.009138581296985068,0.11095726830151305,-0.05205081411609964,-0.2118607294050063,0.051810221420448416,-0.009418659793768247,-0.012686930615370417,-0.04033350679907544,-0.0017822703170240096,0.03694762718384311,0.01591460411591466,0.03302505219671378,0.01645910068046503,0.10045382966250231,-0.1325204203754286,-0.08570722010155181,-0.1119189782071245,-0.09399293296988105,-0.0008890673601892781,0.1653452160541539,0.005219565754707884,-0.0008142945479543876,0.03623852732398404,-0.0019502380550683112,-0.02735490503168612,-0.025763799547373317,0.08516094311734683,-0.12187338509619623,0.021249061682751404,0.054457159042330214,0.08716527899575367,-0.04930918572382607,-0.032716592348101,-0.026253118959406536,-0.008281551863352226,-0.02897916503543473,0.030314663660804077,-0.042433444639159636,0.040685461377413606,-0.02214522237509108
toCoupon_GEQ5min,,,,,,,,,,,,,,,,,,,,,,,,,,,,,,,,,,,,,,,,,,,,,,,,,,,,,,,,,,,,,,,,,,,,,,,,,,,,,,,,,,,,,,,,,,,,,,,,,,,,,,,,,,,,,,
toCoupon_GEQ15min,-0.1558760535681823,0.07973511604046593,,1.0,0.325557847526328,-0.30595175735398394,0.30595175735398356,-0.08171074486212483,-0.13824772014950307,0.03787500605140698,0.09545308655255355,-0.13816666252916882,0.1285613792030034,0.12066833264677261,-0.07348430372791188,0.07357067402962043,0.10869672120604096,-0.13769755400957778,-0.005712689728289096,0.05403367267917514,-0.010640965725834133,-0.1261271040835896,0.09545308655255355,0.08836792063544409,0.07222724904093142,-0.057283901598336906,0.052751393220404244,-0.1228758201922212,-0.04330533726142792,0.043305337261428004,0.005335511425910495,-0.00533551142591043,-0.033920796823750946,-0.009773350574052393,0.006220666056048383,0.01301591960023494,0.016650531747369562,0.014894407346005787,0.017595556521496254,-0.014063244260800443,0.01847537112422568,0.04486312358696658,-0.02746003619480807,-0.03129235344201417,-0.006401436089346571,0.015137125216988064,-0.0009464702614019163,0.021188756340182996,-0.007195433439702978,-0.008607192119499205,-0.01847525859721408,0.006682389081685901,0.005116792815330391,0.011925002136476256,0.01023772321184612,-0.001134865151912159,0.010659630003456695,0.0038243801195970107,0.009858613026887418,0.016435569130823117,-0.0032347961050123056,0.002991807955098807,-0.005733797345358359,0.006966402267015459,-0.008637210953214134,0.00933647519467291,0.0032307192070879856,-0.007027519065305246,0.010641229766458512,0.0012015021095542584,0.002493816931387706,0.007346808320652568,-0.01738237322871749,-0.022859470040834627,-0.002940497687457335,-0.002828413843561087,0.0011596409699522608,-0.015148120767617158,0.0009196349772476469,-0.003802140149669883,0.003819109349819578,0.009558116664169376,0.004102878284023639,0.022521980653697184,-0.016291053612452505,-0.020204963761528423,-0.0009032484505628622,-0.014925692803528935,-0.0017768941998547079,0.023395014105340582,0.006491500648246065,-3.258203643488732e-05,-0.005494353351535888,-0.006332231105081584,0.003690635955839777,0.0008207461083298828,-0.0022815904381904327,-0.0068418487701532886,0.005828588297430887,0.008826763632797168,0.00047585235058045656,-0.0030343625474685467,-0.008749499147260725,0.009304000726540201,0.0030977272093453915,0.003011463132766142,-0.01073756625453691,-0.011595676067219044,0.006943499000522469,-0.0016511032992908255
toCoupon_GEQ25min,-0.21577992288546605,-0.014037739085308499,,0.325557847526328,1.0,-0.1927844592687227,0.19278445926872242,-0.10054192793713196,0.04725679676446916,-0.3639780161596919,0.37249089863599316,0.2729017318939382,-0.21859507236625572,-0.10206441640986536,-0.041475198318099336,0.12025620085607147,0.1835564170310849,-0.22963879225854744,-0.17172006568402584,-0.005033259301492157,-0.1598673735970338,-0.08112680362024104,0.37249089863599316,0.17947525670285194,-0.012520230662458718,-0.08653726915545011,-0.046150634175795346,-0.013393944860824753,0.03239631844916779,-0.03239631844916779,-0.002575287262637811,0.0025752872626377643,0.0013358363746245874,0.005507657778504874,-0.0019588053212274818,-0.005513454120104572,-0.007330643044674346,-0.002541649142872072,0.005997801725548485,0.0010625302302861399,0.0074471201475213265,-0.02122795734888344,0.023295715330147355,-0.0064587510607798425,0.00028990582346745305,0.006967154861441648,-0.0005580619498783005,0.005124162753398455,0.01013814737141616,0.0014846745615069992,-0.013211293697505063,-0.00404212281052882,-0.006451410729147083,0.00316704135082807,0.005555019292963168,0.00929220557919046,-0.004280641344383355,-0.0008753816556638541,-0.005048190378566599,0.003715319669785137,-0.005039359541248676,-0.004757220772541612,0.00020019360777847808,0.005193031744588202,-0.007931114751569011,-0.002806432890541842,-0.007476300272922697,0.0027162388311627148,-0.0028888386464597754,0.007489490911228442,-0.0040421228105287955,0.0007014867072655028,0.0009192640473041448,0.0025471074939764846,-0.0019659597135740334,0.01246723326081475,-0.002937025814760865,-0.000211427224460512,-0.003556417083884131,0.006895516747954273,-0.0036730122677227557,0.0027304373703126647,-0.0011976796028529296,-0.006761147586293615,0.00915960272228648,-0.01217256624323993,0.010108510469103604,-0.006352166498893974,0.004443265327487356,0.0020650007448378403,-0.005881982633679484,0.0073788549113804475,-0.0023254386671475256,-0.006142465472839929,0.00813217989673366,-0.0012948718600850762,-0.0034716030267730514,-0.0005962497521444087,0.00597099474425189,0.003355465398463769,0.009103122536827655,-0.006706010028422933,-0.008616026022047243,0.003185291635334631,-2.3462532134758356e-05,-0.002462708336293291,-0.009562959195286458,-0.00439460339871175,-0.0007417053056083141,0.011438750208977892
direction_same,0.0975388083008435,-0.03304731992420125,,-0.30595175735398394,-0.1927844592687227,1.0,-0.9999999999999999,0.014361059985415784,0.3655203955844313,-0.5176081120771536,0.22941983140030997,0.37536427414044754,-0.31086103471486864,-0.11730091909010125,-0.06316287206231064,0.01869474211139714,-0.06973457423652184,0.04050250599686917,-0.2442007348198667,0.024075740902418517,-0.22734518502894796,0.15705821859637967,0.22941983140030997,-0.00530518875213143,0.13767614371724243,-0.04553617413088687,-0.040000156367586595,-0.043230274934030616,-0.034708998752036764,0.03470899875203673,0.0053127454533973325,-0.0053127454533975485,0.012919524423185726,0.0004114558577886325,0.009249093196663416,0.0022437723956139125,-0.022134590464213788,-0.020215403450128445,-0.01073153685094767,0.025747761893618173,0.011642669332206361,-0.026513056301893045,0.009055033467276976,0.01789908205727193,-0.0047897168778352674,-0.005232771333809526,-0.0077745429177482695,0.00845830409166477,0.01575956848515593,0.011999454969151278,-0.006249435340272248,-0.01627699298615032,-0.015616309812096678,-0.008250937337311956,-0.006999653560438193,0.026995386036821334,-0.007214278233865619,-0.01640497129494308,-0.001545646487838013,-0.0008529965472852891,0.006220804820209447,-0.016149379780720678,0.0013366117253206158,-0.01470554777213328,-0.0016934462646712208,-0.023222493806691304,-0.017386194717017252,0.0075420142135818255,-0.007062762225309427,0.01910628436437116,-0.00447497616162836,-0.009112651324594316,0.0044922222664263295,0.025003568965546667,-0.004398302955719193,0.02463665078188237,-0.010484565579071362,-0.0044927788535390565,-0.0004988244109105799,0.012537697509916413,-0.018438724033420745,0.004165771185312702,-0.004938824614769137,-0.011230183411786929,0.03692078084158069,0.001042312745174929,0.0001528901531841767,-0.015342514802109932,0.013770763794690069,-0.008456430662177336,-0.020038578322374233,0.0035340898023965557,0.008330261641441367,-0.004802393185715222,0.01724067120247857,-0.012366621146223299,0.015533866144845367,-0.011647307495742786,0.0067201667000088075,0.0015816462885630597,0.002481574707385575,-0.001929179242189296,-0.008813984898947696,0.004651418547101365,0.005263471135122795,-0.005917306098223189,0.012922882987005668,-0.00799715011859284,-0.013569432010911367,0.02010412241607104
direction_opp,-0.09753880830084294,0.03304731992420116,,0.30595175735398356,0.19278445926872242,-0.9999999999999999,1.0,-0.014361059985415715,-0.3655203955844317,0.5176081120771537,-0.22941983140030964,-0.37536427414044754,0.3108610347148692,0.11730091909010132,0.06316287206231049,-0.018694742111397614,0.06973457423652146,-0.040502505996868526,0.24420073481986687,-0.024075740902419145,0.22734518502894838,-0.1570582185963797,-0.22941983140030964,0.005305188752131445,-0.13767614371724216,0.045536174130887,0.04000015636758646,0.04323027493403052,0.03470899875203646,-0.03470899875203643,-0.005312745453397435,0.005312745453397621,-0.012919524423185821,-0.0004114558577885756,-0.009249093196663583,-0.0022437723956139416,0.022134590464213896,0.020215403450128688,0.010731536850947744,-0.025747761893618427,-0.011642669332206536,0.02651305630189312,-0.009055033467276942,-0.01789908205727194,0.00478971687783535,0.005232771333809562,0.007774542917748263,-0.00845830409166467,-0.015759568485156042,-0.011999454969151386,0.006249435340272229,0.016276992986150568,0.015616309812096777,0.008250937337311862,0.006999653560438036,-0.026995386036821487,0.0072142782338655695,0.016404971294943258,0.0015456464878380713,0.0008529965472852628,-0.006220804820209735,0.016149379780720743,-0.0013366117253206591,0.014705547772133334,0.001693446264671283,0.023222493806691457,0.01738619471701766,-0.007542014213581917,0.007062762225309393,-0.019106284364371288,0.004474976161628253,0.009112651324594566,-0.0044922222664263494,-0.02500356896554687,0.004398302955719205,-0.024636650781882433,0.010484565579071459,0.004492778853539067,0.0004988244109104705,-0.012537697509916425,0.018438724033421006,-0.00416577118531271,0.004938824614769057,0.011230183411787073,-0.0369207808415809,-0.0010423127451749342,-0.00015289015318408752,0.015342514802109956,-0.013770763794689967,0.00845643066217722,0.0200385783223744,-0.0035340898023967157,-0.008330261641441362,0.004802393185715329,-0.017240671202478755,0.012366621146223314,-0.01553386614484535,0.01164730749574282,-0.00672016670000888,-0.0015816462885631087,-0.002481574707385602,0.001929179242189309,0.008813984898947781,-0.004651418547101413,-0.005263471135122757,0.005917306098223219,-0.012922882987005833,0.007997150118592901,0.01356943201091126,-0.020104122416070902
Y,0.0566455192709408,-0.04833252188155696,,-0.08171074486212483,-0.10054192793713196,0.014361059985415784,-0.014361059985415715,1.0,-0.07223058710341107,0.1291037239339604,-0.07628712038448847,-0.09973014303961769,0.12825203290895137,-0.04250346007742571,0.015606400109978028,-0.07016441736421174,-0.06609400000022404,0.1021891588642099,0.03638955147182929,-0.04701416349639792,0.08015986735613755,0.015955708570067822,-0.07628712038448847,-0.137904897266244,0.16403022848510287,-0.10019085838474404,-0.09079338875860814,0.1496459931039806,0.1331306811080475,-0.1331306811080474,-0.04526092122069383,0.045260921220693875,0.025693123816361255,0.030661674535643287,-0.015060346739710729,-0.02104301543449557,0.0033362763179799696,0.0036394046634571895,-0.05108675304121496,0.026801990134606928,-0.018348688976687837,-0.04349978822972139,0.06472446815174811,-0.012475102450940183,-0.01862817343637796,-0.006431210310955245,-0.018554164285723703,-0.036253194767053167,0.013977153988939358,0.025358088732026145,0.03716487345561229,0.015903817689986874,-0.015932359973575838,0.002634376634657588,0.0001843965501557507,-0.019653961742735475,-0.004141801363513925,0.027304773099110315,-0.031149432400813245,-0.004158602684518065,-0.0012716624274512359,0.04058831403368937,0.037253142823729934,-0.007564789363965655,-0.027172495320333008,0.0017216708071148227,0.012627183850527872,0.01573500701580261,-0.0031519762085351895,0.023392117051522478,0.018702224231821666,-0.04593729568933416,-0.003719939981502666,0.029787086083022773,0.007390916100884656,-0.02001837220466406,0.007074077648018812,0.006775286014071513,0.02444415256010886,0.0011535479141288017,0.01592666193088019,-0.02316317785634678,-0.0416412219867849,-0.025096266260015515,0.011270835334961605,0.05543576196469958,0.04260793913671337,-0.0001778245037867755,-0.0012363105677335481,-0.06806009217727371,0.09947433432125304,0.049773503789160414,0.008949031650871972,-0.02014004910517927,-0.12823829170040532,0.02069569409281313,0.016047876057663557,0.008661697134515683,-0.05652134082527529,-0.004169392042645265,-0.012666030751918739,0.017689908428290612,0.026789701953812917,-0.028092276104130502,0.0039026058071605545,0.03408711899326164,0.041647878839251265,0.028238743793338898,-0.021321478034432757,-0.048149425317154236
destination_Home,-0.05519533077345394,-0.00971446284656186,,-0.13824772014950307,0.04725679676446916,0.3655203955844313,-0.3655203955844317,-0.07223058710341107,1.0,-0.5789662468946403,-0.3384525641146612,0.3577910054215186,-0.3477110237944363,-0.08197800649919579,-0.007859348754789679,-0.03234419445410372,0.026712762557207063,0.0027671860778961423,-0.27314870000819835,0.29909440671177207,-0.25429506503978017,0.5397268179338399,-0.3384525641146612,-0.003423560731613371,0.018281879553483617,-0.035370479829345096,0.15108611782746473,-0.09197824951539524,0.007450618178447095,-0.00745061817844713,0.008645984101998481,-0.008645984101998684,0.006079958209313329,-0.0003374985711041767,0.010036967074409098,-0.0006342095096743888,-0.01205385660764477,-0.01798021839602313,-0.005068077057750377,0.017352664306426062,0.008808025743667538,-0.011953879744023208,0.005169427961994322,0.005533264435719246,-0.0052100641175832725,0.0038425855227806898,-0.003614068052120883,0.005977624592804404,0.019030994559973598,0.010100455108719217,-0.015347277414181069,-0.016992451041235535,-0.012639488843539763,-0.003900208112526618,-0.0007392001430196481,0.021438216014153116,-0.006823181243925271,-0.012406630144008262,-0.004714307251920012,0.006431493370780231,-0.0018942392343724147,-0.012295434344708173,0.0029708713260972732,-0.012677293498664552,-0.008441870339979696,-0.01840210108854065,-0.017207433188428992,0.0012218713111448857,-0.00692023592258624,0.01679743774049896,-0.005871049738573501,-0.010575101597280779,0.008150411916341655,0.02054724989653389,-0.0023923915027632124,0.02800572064637452,-0.0060935437696265134,-0.007230065252118503,-0.004215039471728765,0.008553733871411411,-0.010008246168178305,0.002584028463939081,7.786454848086858e-05,-0.009760756616059707,0.030137438417675973,-0.0011007340128438535,-0.005511811138078643,-0.012301715157458057,0.012740935940122681,-0.0035350636938327375,-0.0167674171948334,0.010086500992790948,0.006075402435813928,-0.009509068942685352,0.015016871018013894,-0.013278316766507012,0.010913705057753425,-0.008882772583486442,0.010596153203687668,0.004659919280004191,0.010115572764317366,-0.004260230135209435,-0.015510936832972071,0.003530363254616204,0.00324667835251298,-0.006364392355860119,0.007642960484684,-0.009642054697551711,-0.004330349736144239,0.012251072553551278
destination_No Urgent Place,0.13559271172450482,0.02573297254953736,,0.03787500605140698,-0.3639780161596919,-0.5176081120771536,0.5176081120771537,0.1291037239339604,-0.5789662468946403,1.0,-0.5712796698577697,-0.740856860802601,0.6005721847507168,0.21679820964192292,0.15925348645417328,-0.03722333841104968,-0.09245937188590495,0.09871927059585489,0.4717869158578151,-0.04433844907255279,0.4392226082327334,-0.17794828292377596,-0.5712796698577697,0.01066162349327924,-0.08288836461501775,0.0594687629023994,-0.16021346425275387,0.1266961224779575,-0.05840734422172055,0.058407344221720454,-0.0045825029925841,0.004582502992584209,-0.01622110568047262,-0.004439706795353281,-0.0015490069070503163,0.009617349602522574,0.016134572441477795,0.015852645605631564,0.0037635171676141826,-0.017472993476463132,-0.02078539500513218,0.04201363020595198,-0.04216977873007687,0.009612900436227539,0.00461122650661598,0.0024129549729485582,0.0030345178945443054,-0.0002771648334719372,-0.028367516557916417,-0.010696754350746651,0.013120483266458267,0.013174458726842364,0.011180309742734339,0.011690195327517177,0.004887613991995981,-0.022636917749092534,0.015085692467465954,0.016067224113101755,0.010601357672091628,-0.0007022547124340522,-0.0015646915998017107,0.01883400250641937,0.0004637432558062022,0.013115289111377017,0.004666501136203091,0.009809267206589038,0.013838791820461204,-0.0029708006280252876,0.00944732253685385,-0.020432287052355443,0.0020882447510841965,0.008725760663454051,-0.007471695911372247,-0.030597472623894624,0.004047910185357925,-0.02714445975229264,0.006553225160668912,-0.0019188872226633938,-0.0015666063735782806,-0.008967566112079361,0.01652049433418619,0.0005423690781596793,0.005735614002243563,0.01759998084078605,-0.03413495101610326,0.0027671639579548374,-0.004069372255393541,0.007531351805310968,-0.00975211587326752,0.006531571452464961,0.018717593461184824,-0.012485726162795823,-0.0086562903171314,0.010026257477357838,-0.013876634029085325,0.009555795539973525,-0.00875385241841541,0.0071591228395010585,-0.007783606204264949,-0.0011930594108872086,-0.01131122001969427,0.009109725171253908,0.01336915585532038,-0.005769365953216165,-0.004128173059534906,0.007286942229360915,-0.0007625743621662918,0.007382796577906285,0.008021811568226483,-0.021570899609094828
destination_Work,-0.1009241139848729,-0.019919142484321622,,0.09545308655255355,0.37249089863599316,0.22941983140030997,-0.22941983140030964,-0.07628712038448847,-0.3384525641146612,-0.5712796698577697,1.0,0.4948480735576523,-0.3430946794301493,-0.16768182735538648,-0.17588032965473202,0.07551739253261011,0.07981599644057444,-0.11671577499125886,-0.2695222735344683,-0.24990647636494753,-0.2509189466252645,-0.33793688221760637,1.0,-0.00885814894024829,0.07725701895434946,-0.03302699128802707,0.032812181421315575,-0.053630002786745776,0.059906933788760844,-0.059906933788760816,-0.0034146980778487217,0.003414698077848772,0.012600250304855624,0.0054635263203197965,-0.008315806934299208,-0.01046080840566888,-0.006486891756552481,-0.0001958844182239418,0.0007582552624555909,0.0026976139946188926,0.01512167126791487,-0.03645411623979914,0.04346374215809982,-0.016664024211664758,-7.714370120794055e-05,-0.006652803998901817,0.00013593521797933833,-0.00569737161507344,0.013581345885365064,0.0021775456069637747,0.00030686665630825675,0.001900651937333127,-0.0001797468921696071,-0.009565399894498327,-0.004896613656975545,0.004544582299101181,-0.010541740083526402,-0.006054054547816961,-0.007489295885307018,-0.005663659454056428,0.0037125780471128945,-0.009359079702931277,-0.0035257598496533913,-0.00237481879845104,0.00311229065398191,0.007203355708120873,0.0013503632937196157,0.0021985814161903463,-0.0039368943115427974,0.006671791379969373,0.003499953557050544,0.0005749373678052869,0.0004185275635099033,0.01462859592804265,-0.0022633773030272,0.0031356281485274474,-0.0014290365144954578,0.009492539873182732,0.006050969811462906,0.0017388911069609282,-0.008991445982424535,-0.0032270938221058776,-0.006697756200486797,-0.01048639304562515,0.009057390163437783,-0.002085507930522147,0.01024473615603656,0.0036914416771983882,-0.0015706270788093865,-0.003979483415046545,-0.004723111881138171,0.004256214465658163,0.003874410185263933,-0.0019990421851180814,0.0008983904642393336,0.0023381395314713144,-0.0008833647908847158,0.0006794223394415598,-0.0016834531032957093,-0.003313914344590295,0.002871472241577582,-0.006224914554880144,0.00018462192187660283,0.0031045664696411203,0.001496058472899548,-0.0020031633272670295,-0.006813541994893128,0.001185598700151279,-0.0048987874390839445,0.012562342395196973
passenger_Alone,-0.10058891045216761,-0.05716306490997661,,-0.13816666252916882,0.2729017318939382,0.37536427414044754,-0.37536427414044754,-0.09973014303961769,0.3577910054215186,-0.740856860802601,0.4948480735576523,1.0,-0.6933333638413679,-0.3388551685163861,-0.35542288442240777,0.07158700893271858,0.10439724743751559,-0.13292350805277325,-0.24062645529873986,-0.07172697575057392,-0.34927057506633724,0.07235068758282992,0.49484807355765226,0.01711633027848651,0.010084833856202326,-0.016093943926742408,0.07522753274528128,-0.06502669250264836,0.10829036332627535,-0.1082903633262752,-0.01224508469082768,0.01224508469082753,0.02808711982767886,0.003735257022696188,-0.003952002851664687,-0.016443525489423707,-0.03218211134493557,-0.014039595901285888,-0.0015684889529675387,0.03202642497394388,0.042082784163145266,-0.10954738594380665,0.12289582587217437,-0.03867246162758278,0.001226906498305161,-0.009470049953103233,-0.00317293977457608,-0.007106117111815976,0.04004725593494511,0.018183835296628675,-0.010952364694090864,-0.016781813992233788,-0.018586348507698705,-0.014981051227453896,-0.009701174718343189,0.019652499984024126,-0.024466761225907442,-0.020687751948080105,-0.01848709454734594,-0.002275977758177471,0.022161570499008753,-0.026303266314906225,0.00045168024026228634,-0.0027854330697399373,0.007093042011196282,-0.011496906850814335,-0.022201804987440562,0.014477408681023901,-0.004905348096871899,0.03197701204543389,-0.00416027466227382,-0.010278828714174881,0.0014776992494496802,0.04338165500008734,-0.004752458738156578,0.02927441721906678,-0.015065277784617082,0.017242698418999024,0.008173218045285272,0.01378452962364543,-0.03439529552980168,-0.0076676898379226845,-0.01513244867197326,-0.022639425994447914,0.051950806516324256,-0.00015849357933372103,0.017749794766947356,0.006542961364793461,-0.0026746510977044874,-0.009777134745087407,-0.030348655104524717,0.019880753872332697,0.014500053226367238,-0.008946936865550722,0.014809865618339697,-0.011241407357799488,0.001171172991638255,0.0022181571989274514,0.011440591086160272,0.0006784229212049551,0.00040586754537037784,-0.013163511850526336,-0.007273531361758384,0.01720974045323213,0.013224550936192939,-0.012680339669159853,0.008239864032408424,0.0019308560835010209,-0.01487380111370091,0.028775678708745676
passenger_Friend(s),0.10411692958365508,-0.04791604471294314,,0.1285613792030034,-0.21859507236625572,-0.31086103471486864,0.3108610347148692,0.12825203290895137,-0.3477110237944363,0.6005721847507168,-0.3430946794301493,-0.6933333638413679,1.0,-0.17226880822717314,-0.18069158273190622,-0.10352964280206861,-0.060760944547492056,0.12227610820638826,0.10860266242376532,0.06887367050469691,0.345706116073186,-0.10178553720478335,-0.34309467943014943,-0.0932730373966238,0.054360453367893705,0.0732196052176572,-0.12325045955905868,0.04445276139333108,-0.10210901153774206,0.10210901153774204,-0.020212667811020317,0.020212667811020473,0.01843359918489764,0.009822507443109266,-0.021480771328352674,-0.014568539064360009,-0.0017012708198549237,0.012370300354772924,0.00032842541067075085,-0.007876628692561994,-0.008819793976105583,-0.07585747140310822,0.10930267226681921,-0.043095756652591105,0.021744441320044394,-0.007857591692672708,0.011628618104985916,-0.0191348931915334,-0.0033154051784364262,-0.013160355206220936,0.011651903196170328,0.010088565375585817,0.008055592396705434,0.0016680122789930894,-0.00044642711741732055,-0.026963080943301677,-0.009834307308914015,0.014902095625449946,-0.013110235699361296,-0.010153767139526124,-0.006223003967327832,0.011433478661723248,0.0052903859390168355,0.029527157813180663,-0.0001063731633933093,0.018724144524859005,0.00293245789056818,0.015589668888138142,-0.0031612166567961176,-0.015378013030971437,0.0021969102898627023,0.0007076987351531947,0.011020687174431085,0.0016343444809147098,-0.0025707771457686305,-0.018878476696403634,-0.003241360691827696,0.014894963433634499,0.0071582476376147374,0.003163228046954441,0.0034445110592889894,-0.008095327021268613,-0.01590547990635432,-0.005393083578691374,-0.005621824411756923,0.0030091021492558946,0.026269179294629453,0.03344221906637794,-0.02372186750063963,-0.006862877960401025,0.011032946277565459,0.0014439531757288646,-0.0023141977950339003,-0.0023353782618658696,-0.00856243053356926,0.007683670608350964,-0.011602599858441968,0.0213215225740483,-0.014069755992543025,-0.00389832334995146,-0.007460129970910711,-0.010492495013457457,0.01535694940382037,0.00935787731772057,0.0017805643705028863,-0.01217663935400418,-0.005925989168718487,0.028631105576449333,0.0052987011357935165,-0.0002394444474928708
passenger_Kid(s),0.023153714577278856,0.33847485529031135,,0.12066833264677261,-0.10206441640986536,-0.11730091909010125,0.11730091909010132,-0.04250346007742571,-0.08197800649919579,0.21679820964192292,-0.16768182735538648,-0.3388551685163861,-0.17226880822717314,1.0,-0.0883100106085777,-0.0159027341965771,-0.040859089134569294,0.04322847677958097,0.09239837761162413,0.0061319612477785165,0.08570212029398488,0.008501983865732192,-0.16768182735538648,0.03850547673290574,-0.027710962494097418,-0.06875971102303684,0.048029181561425154,0.03211462573874032,-0.011185657352329246,0.011185657352329242,0.05112948564951152,-0.051129485649511454,-0.0941782642847342,-0.05140412767008147,0.04522672711485683,0.05549160799500379,0.08869404255517674,0.030451326952136534,0.015446990270000285,-0.06054720507741333,-0.006402031382637533,0.2701642888807815,-0.21242186178452915,-0.06763121661096763,-0.027560430331994755,0.014415998100971135,0.013619227958695593,0.05341157342116932,-0.046616433186675056,-0.006669934656466478,-0.035446141746661886,0.008828652682991302,0.026688431208192805,0.008129112487280482,0.021308461904002287,-0.01392603449467336,0.06029322166231899,-0.0026440398461924143,0.047770111300942115,0.0345955001401109,-0.019528188755045015,0.024781966410486977,-0.028242185910687785,-0.015794602678975592,-0.02551842699816445,0.009975305183195261,0.025357100698941554,-0.05046046578189188,0.027989804719080854,-0.024857243500084197,0.00882865268299115,-0.001165803470354836,-0.04269115748235158,-0.0715836114590912,0.002488941796059341,0.008774232712355346,0.013019172303616584,-0.048758884806863856,-0.008479781373453125,-0.004602534858935141,0.025303058933068154,0.024041316403035067,0.01824790836745582,0.06953132913114007,-0.06998990064293285,-0.025738932463881294,-0.052448029977958645,-0.03696494237219827,0.00030106375376197364,0.06283570888668118,0.02511967149743035,-0.015125300172663194,0.02111346874193672,-0.014655799890943195,-0.012727332982233766,-0.0035856985321580403,0.03265335595572713,-0.05161187534747724,0.01131591955136814,-0.0035029273707587283,0.014422553832255085,-0.021168704162247264,-0.003799678475274571,0.0160467028301496,-0.019793772973689394,0.00024340230414899124,0.0092130427307927,-0.020101087766399763,0.02105494286114202,-0.02606070962647942
passenger_Partner,-0.00791870207617507,-0.14830808230218026,,-0.07348430372791188,-0.041475198318099336,-0.06316287206231064,0.06316287206231049,0.015606400109978028,-0.007859348754789679,0.15925348645417328,-0.17588032965473202,-0.35542288442240777,-0.18069158273190622,-0.0883100106085777,1.0,0.051465450233792995,-0.05015073628251882,0.0015257946469436274,0.1668583091246407,0.012786113477342988,-0.007671392756968057,0.02391424531549833,-0.175880329654732,0.07963773214138058,-0.07693062860964744,-0.020779847358275913,0.014661217847567312,0.014423732534827538,-0.020404216351027356,0.020404216351027227,0.004446906366343788,-0.004446906366343846,0.011620042985239913,0.0272845789824445,-0.0025922311613847844,-0.0011924697604119687,-0.02545678055988603,-0.02385125338252364,-0.012577144474553586,0.013783497502317131,-0.054589354077892796,0.05426984281171896,-0.18613172137155343,0.20148747929035682,-0.009963769240851185,0.015328611271953887,-0.025783661071680185,-0.008558927624294495,-0.021015506252163866,-0.00510329823300536,0.035119702709910265,0.005383448808536423,-0.0053718398758191375,0.01613189448247572,-0.0025632597289871654,0.021015679801192497,0.0009636500882026383,0.015748376190587797,0.007552737037390683,-0.01320100423260495,-0.010736947290075164,0.004823631295060686,0.017996745349454706,-0.026416995036530302,0.01210527942495575,-0.01870090274582351,0.010393559165054975,-0.0017635076189886668,-0.013210468318812485,-0.008598180836275088,-0.004565933918512694,0.01823579808270116,0.021028985218998323,-0.01074149180914751,0.010089161247879404,-0.030601449684666358,0.019319748653205727,-0.007208219124066763,-0.01762990591276848,-0.02501175296712916,0.03126542576729676,0.003258491660945029,0.0343729202334284,-0.018152464478135576,-0.016036109057728006,0.020268996770795893,-0.022488101827901306,-0.028791602995170012,0.04183871476647682,-0.032216115477929366,0.012305453539353715,-0.02300451762333205,-0.042356776811243675,0.03363040878215545,-0.0005451413130041091,0.011274438815987588,-0.015165738724188674,0.012053287578921788,-0.008990886169804006,0.008305841933594842,-0.002820417808292778,0.06022180321951464,-0.007650147921702179,-0.06068905551116083,-0.007243782994166728,0.041446121680837944,-0.014127527899204432,-0.029232209409763406,-0.0021992263833783207,-0.025621250002727025
weather_Rainy,-0.14110807502791972,-0.014663671531432936,,0.07357067402962043,0.12025620085607147,0.01869474211139714,-0.018694742111397614,-0.07016441736421174,-0.03234419445410372,-0.03722333841104968,0.07551739253261011,0.07158700893271858,-0.10352964280206861,-0.0159027341965771,0.051465450233792995,1.0,-0.11398746524440946,-0.6375870407848837,-0.002889731559412931,0.06611695664135345,-0.0919429213976327,-0.050731520961046814,0.07551739253261011,0.17508050390497837,0.060978091293675075,-0.0895173816701112,-0.06279712812270329,-0.06270417018794229,-0.03977372314498948,0.03977372314498929,-0.015619949950893395,0.015619949950893115,-0.0075631339094822244,-0.00623248638327441,0.020218905528308653,0.006499280065260782,-0.021045602717907678,-0.011215883648402954,-0.0027941249987644776,0.028445021030929895,0.000199233471320358,-0.014839915553927323,0.002520506451385444,0.01318972783674998,0.011233574610932447,0.01371342729165646,-0.0016940555508475244,-0.0195396442000482,0.0029620109533686407,0.018740998934423072,0.0031817787630560477,-0.018003498493530022,-0.01948419747389249,0.01791523570220298,0.01396714543610353,0.0025486946257764157,-0.004369041377468991,0.005981863194434983,-0.01672549659536725,0.01857185524289584,0.020395394127726126,-0.00016971068956461155,0.028256776025373142,0.01182767872287725,-0.001684468988489957,-0.029111159727750562,-0.03730125815989775,0.022332908861747255,0.008766183987228171,0.022061704906682127,-0.02036688078647809,-0.020258992008943887,0.0011964350654499582,0.0007264217281580553,0.0006345232519702982,0.02351405764430006,-0.0021719269189914357,0.0023488985236853233,-0.011761585430658212,-0.013341572989724632,-0.019012998442962666,0.0002610257431853679,0.021069629184978327,0.010479627952459165,0.026184680465531945,0.007786026402101252,-0.01409533862126614,0.0016507656803041709,-0.0008092996078572881,0.0019971637056150795,-0.019903272393940748,0.02171219835961478,0.0004900104059030591,0.0024263911499897792,0.00011918493372969831,-0.01255805800710536,-0.015351401945216746,0.014794065485217186,0.019096193309621427,0.015161013827180433,-0.0018661865830021482,0.007123525165634916,-0.022917442686601633,0.007293090345148104,0.01717453663731914,-0.010272983148390286,0.02693985163481007,-0.003996071843763909,0.017878387989216923,-0.026651577321200402
weather_Snowy,-0.6131281188572981,0.003397412058229048,,0.10869672120604096,0.1835564170310849,-0.06973457423652184,0.06973457423652146,-0.06609400000022404,0.026712762557207063,-0.09245937188590495,0.07981599644057444,0.10439724743751559,-0.060760944547492056,-0.040859089134569294,-0.05015073628251882,-0.11398746524440946,1.0,-0.6926802143722461,-0.0640454796105945,0.11706333360754897,-0.009499825569810588,-0.11295487042403127,0.07981599644057442,0.011010521851487086,0.027542052464385885,-0.07705690985254765,0.012208541377824459,0.04129516424286099,0.1113675821054319,-0.11136758210543211,-0.024372424173830363,0.02437242417383004,-0.020481833194273293,-0.011497262333697656,0.01869561172861127,0.008610616125892557,-0.0031271688096706964,-0.010633655870092403,0.00841054106076178,0.01912402028604694,-0.013931375784374419,0.005756476883963019,-0.008474887109524862,0.009391112545550338,0.005896374342614207,0.027529631484190638,-0.0006053560268653268,-0.004613868169882909,-0.006763155371127027,0.010269282870475113,-0.010479761700845263,-0.020541059819013344,-0.023995336419608042,0.040162901089981065,0.028948196552063803,-0.014132463035072611,0.0018841589205633392,0.018924909031888586,0.0028726225351032365,0.023357976417283398,0.01696367562716674,0.008931720506923601,0.023272534961150063,0.018608318231922404,-0.008187694119488165,-0.026333402984115895,-0.03141995235278543,-0.0011864799205519245,0.016882168664093613,0.01026928287047514,-0.024966358995075277,-0.02333574251479672,-0.00011622303567491719,-0.016815032050236267,0.003929012886462813,0.025986574872588188,0.0042328020961748805,-0.004085541708491938,-0.02709110224914534,-0.0016108543168981493,-0.009801253601509843,-0.0037008630097823247,0.03195987031075493,0.01143102975930663,0.013601541868354869,0.016541940175477086,-0.02261694774003687,0.017867121147906527,-0.0011700051832915681,-0.005208510192238053,-0.01148737415281772,0.02319121341887845,0.0041878266122311264,-0.0020240720247586006,-0.007635816866455785,-0.016995003465277762,-0.018394626306004358,0.01623746652008183,0.026609354674328577,0.019310823045373203,0.005388564518284527,0.00341835720497701,-0.018518403308065434,4.7298245418045234e-05,0.012370097678373318,-0.019067910390143408,0.03618103573651578,0.001644628877589453,0.02559896982761513,-0.03444629824946063
